10	401
1001	377
1004	481
101	106
1010	1004
1015	1286
1016	151
1017	521
1018	122
1019	928
102	132
1021	131
1022	146
1029	256
103	115
1030	171
1031	155
1032	103
1033	194
1034	337
1038	148
1040	259
1044	144
1050	564
1051	862
1053	335
1054	127
1057	179
1058	357
1059	513
1062	194
1064	103
1066	122
1068	597
1069	609
107	121
1071	143
1072	105
1073	116
1074	192
1077	309
1078	127
1079	121
1084	180
1086	312
1087	392
1088	1176
1094	164
1096	268
1097	168
1099	188
11	137
1100	508
1101	518
1105	161
1109	205
1112	679
1113	319
1114	134
1115	109
1116	142
1117	754
1119	395
1120	735
1121	289
1122	114
1124	389
1125	580
1127	131
1128	498
1129	103
1130	279
1131	103
1132	163
1133	168
1134	150
1135	172
1137	564
1139	182
1140	374
1141	466
1142	263
1146	378
1147	333
1150	1302
1151	308
1152	149
1155	182
1159	121
1160	107
1162	156
1164	458
1165	141
1168	233
1169	118
117	505
1170	258
1172	443
1173	361
1176	126
1179	234
118	224
1181	1521
1182	364
1183	186
1184	278
1186	206
119	105
1191	105
1193	276
1194	649
1196	112
1198	102
1199	179
1202	520
1203	741
1204	136
1206	141
1207	618
1209	221
1211	397
1215	115
1216	213
1218	235
1219	224
1220	195
1221	221
1223	146
1224	578
1227	154
1228	251
123	608
1230	253
1231	110
1232	135
1241	194
1242	616
1243	368
1244	543
1246	572
1252	118
1254	110
1255	235
1260	509
1261	195
1262	158
1263	279
1264	711
1265	343
1266	726
1267	170
1268	202
127	174
1271	170
1272	284
1273	334
1274	591
1279	361
1281	144
1284	507
1285	1144
1288	129
129	158
1291	283
1294	261
1297	487
1298	614
1299	234
13	108
130	135
1300	166
1301	297
1303	677
1306	461
131	295
1311	188
1312	155
1314	228
1317	799
1320	117
1321	171
1322	384
1323	148
1324	108
1325	282
1328	125
1329	410
133	170
1331	150
1333	557
1335	307
1338	132
1339	213
134	183
1340	805
1343	279
1345	189
1347	158
1348	139
1350	112
1352	158
1354	684
1356	461
1357	177
1358	231
136	378
1360	103
1361	133
1362	219
1366	143
1367	211
1369	404
137	201
1370	148
1374	103
1377	521
1380	253
1383	822
1387	223
1389	411
139	245
1390	309
1391	209
1392	243
1393	109
1395	312
1396	186
1399	288
1404	332
1407	182
1408	136
1413	185
1415	179
1418	286
1420	279
1421	195
1422	728
1425	778
1426	382
1427	153
1430	116
1434	279
1437	155
1440	136
1441	102
1442	160
1447	990
1448	1038
1449	1243
1450	109
1451	751
1457	307
146	426
1463	116
1464	108
1465	611
1466	252
1468	102
147	187
1470	710
1472	233
1473	240
1474	130
148	624
1483	258
1484	314
1489	489
149	592
1490	180
1491	253
1492	107
1495	182
1496	597
1497	199
1498	116
1499	130
15	201
150	232
1500	115
1501	542
1502	273
1503	272
1505	318
1506	105
1507	108
1509	297
151	471
1513	143
1514	127
1516	292
1524	253
1525	101
1527	104
1530	404
1532	126
1540	118
1542	293
1543	173
1544	165
1545	217
1546	342
1547	134
1551	166
1552	255
1556	345
156	148
1560	164
1561	161
1564	124
157	427
1571	153
1577	125
1579	765
1584	461
1585	112
1586	415
1587	554
1591	314
1592	306
1593	206
1594	147
1595	133
1597	230
1598	184
1599	550
1600	394
1601	205
1602	120
1605	964
1606	206
1607	276
1608	144
1609	359
161	297
1611	556
1613	795
1616	254
1617	228
162	107
1624	350
1626	271
1628	451
163	514
1630	117
1631	260
1632	768
1634	106
1635	793
1636	170
1639	551
1640	161
1641	232
1643	233
1645	522
1647	882
1648	149
165	110
1650	213
1655	175
1658	398
166	410
1666	397
1667	499
1671	638
1675	565
1676	865
1678	122
1680	1850
1681	121
1683	175
1685	430
1687	393
1688	132
1689	128
169	552
1690	149
1692	207
1693	310
1694	398
1695	196
1696	314
1697	354
1698	957
1699	348
17	211
1701	552
1706	210
1709	210
1712	511
1714	274
1716	195
1717	424
1721	115
1722	206
1723	146
1724	159
1726	382
1727	514
173	561
1733	839
1736	195
1737	775
1741	660
1744	140
1746	326
1747	108
1748	589
1749	562
175	317
1752	434
1753	284
1755	368
1757	385
1758	430
1759	254
1761	113
1764	613
1765	106
1767	306
1768	142
1775	155
1776	422
1778	546
1779	149
178	115
1780	616
1781	106
179	110
1790	339
1791	145
1793	287
1794	453
1796	176
1797	175
18	305
1800	252
1802	211
1803	284
1804	116
1805	174
1806	214
1807	202
181	301
1812	698
1817	123
1819	116
1820	317
1824	159
1825	151
1828	143
183	101
1831	111
1835	770
1836	416
1837	782
1841	227
1842	465
1843	119
1845	220
1851	504
1853	157
1854	246
1856	134
186	122
1860	293
1861	460
1863	104
1865	334
1866	139
187	417
1870	158
1871	117
1873	198
1875	338
1877	147
1879	263
1880	955
1882	223
1883	435
1884	707
1887	125
1889	624
1890	202
1891	279
1894	172
1896	207
1897	657
1899	756
19	255
190	153
1901	150
1902	258
1903	197
1904	352
1908	208
1912	947
1916	391
192	525
1920	601
1922	429
1925	305
1926	585
1928	212
193	242
1930	324
1937	295
1938	175
1939	221
1941	1595
1943	680
1947	147
1948	174
1949	102
195	822
1950	137
1951	128
1952	251
1954	151
1958	852
1960	215
1962	533
1968	444
1969	517
1974	518
1976	123
1978	154
198	379
1980	1260
1982	155
1983	546
1984	283
1985	160
1988	629
199	402
1996	177
1998	356
2	129
2002	167
2004	109
2008	177
2010	733
2011	247
2012	611
2015	903
2016	333
2017	119
2018	447
202	670
2020	471
2021	149
2022	194
2023	286
2024	256
2025	119
2026	218
2027	105
2029	227
203	127
2030	582
2031	225
2035	171
2038	440
2039	121
204	446
2041	556
2042	265
2047	289
205	153
2050	260
2051	229
2054	335
2055	138
2056	256
2059	253
2060	261
2063	1323
2064	247
2067	199
2068	125
2070	104
2071	238
2072	205
2073	645
2077	684
2078	102
208	184
2084	155
2085	272
2088	441
2090	229
2091	147
2092	729
2096	121
2097	174
2098	373
210	110
2100	308
2101	105
2102	530
2105	517
2106	900
2109	749
2110	221
2114	150
2116	971
2119	178
212	110
2120	164
2121	191
2122	208
2124	628
2125	229
2127	168
2129	357
2131	321
2136	160
214	166
2140	206
2143	112
2144	101
2145	219
2146	102
2148	255
2153	353
2156	315
2157	148
2158	113
216	794
2161	120
2162	182
2164	471
2165	225
2166	213
2167	222
2168	365
2170	126
2171	101
2172	451
2173	297
2174	178
2175	169
2176	179
2177	203
2178	174
2179	146
2180	409
2181	915
2185	293
2186	292
2187	137
2188	405
2190	130
2192	121
2194	107
2195	258
2199	129
22	297
220	102
2203	539
2205	509
2206	156
2208	265
2211	298
2215	187
2219	210
2221	162
2222	219
2223	528
2225	399
223	256
2230	233
2231	436
2232	318
2233	207
2235	142
2237	442
2239	119
224	204
2241	128
2242	332
2244	429
2246	172
2247	257
2248	107
225	508
2251	413
2255	175
2258	358
2259	229
2261	242
2262	133
2263	236
2264	300
2265	232
2266	101
2270	103
2271	329
2272	127
2276	108
2279	420
2282	188
2288	535
229	212
2290	165
2293	283
2298	120
23	304
230	179
2302	199
2303	308
2304	873
2307	145
2309	173
2310	101
2316	153
2321	111
2323	269
2330	120
2334	333
2338	187
2340	399
2344	188
2348	206
2349	117
235	440
2350	116
2351	143
2352	119
2353	197
2355	141
2368	232
237	166
2374	159
2376	494
2378	261
238	258
2380	406
2383	456
2389	299
2393	145
2395	224
2398	116
24	136
240	143
2402	529
2403	180
2407	152
2409	134
2410	114
2411	326
2414	232
2419	528
242	273
2424	147
2427	121
2429	125
2435	117
2436	427
2438	200
2444	105
2445	244
2446	421
245	764
2451	159
2453	629
2454	301
2455	192
2456	366
2457	499
2458	165
2459	123
2461	104
2462	254
2463	105
2465	235
2466	203
2468	125
2472	290
2478	287
2481	132
2484	547
2485	246
2486	154
2489	397
249	110
2491	114
2496	511
2497	121
2498	154
2500	140
2503	200
2504	301
2506	251
2507	859
2523	130
2526	263
2529	812
2533	131
2537	554
2540	223
2541	256
2544	729
2546	118
2547	139
255	244
2555	158
2559	195
2562	171
2564	120
2565	300
2566	264
2567	336
2572	151
2575	169
2576	276
258	145
2581	403
2583	331
2585	109
2589	212
259	139
2590	357
2592	442
2593	136
2595	159
2599	229
26	400
260	154
2605	188
2608	228
2609	202
261	354
2611	429
262	106
2620	156
2621	315
2624	306
2625	142
2627	485
2628	203
2629	272
2634	278
2638	521
264	480
2641	318
2643	454
2645	282
2648	107
2649	215
2651	116
2656	132
2659	161
2663	156
2664	367
2665	828
2668	218
2669	115
267	131
2670	282
2674	119
2676	229
2679	342
268	261
2680	214
2681	223
2682	110
2683	257
2684	219
2685	196
2688	135
2689	101
2691	241
2692	134
2693	136
270	126
2700	294
2701	114
271	312
2718	117
2719	117
272	482
2724	205
273	187
2730	157
2731	280
2734	121
2736	101
2737	399
2738	105
274	148
2740	145
2742	108
2743	439
2744	138
2745	197
2747	139
2748	326
2750	200
2751	178
2752	378
2753	505
2756	239
2757	129
2761	483
2764	354
2765	211
2766	102
2769	146
2771	287
2772	178
2774	277
2776	350
2777	875
2778	106
2779	171
278	198
2781	284
2784	158
2785	163
2786	298
2787	138
2788	124
2790	122
2792	191
2793	789
2794	143
2796	404
28	107
2801	101
2803	111
2804	171
2807	335
2808	139
2809	109
281	111
2810	401
2812	121
2814	170
2818	293
2820	894
2824	248
2825	221
2826	264
2832	157
2837	235
284	471
2840	350
2841	445
2844	108
2846	102
2847	396
2848	220
2849	155
285	139
2852	135
2854	414
2857	795
2859	133
2860	508
2863	117
2866	205
2868	191
287	103
2870	143
2872	423
2873	233
2874	103
2876	190
2878	695
2880	273
2882	123
2883	149
2885	192
2887	592
2888	376
2889	195
2890	141
2894	113
2895	513
2896	320
2897	117
2898	109
2899	425
29	108
2900	298
2901	249
2903	146
2905	126
2907	849
2909	1258
291	102
2910	143
2913	330
2916	233
2918	387
2919	156
2921	127
2926	342
2928	420
2929	362
293	317
2931	224
2933	124
2934	622
2935	144
2937	104
2938	201
2939	148
2941	359
2942	129
2943	124
2944	174
2946	461
2947	136
295	191
2952	168
2955	191
2962	625
2966	208
2967	527
2968	170
2969	174
2972	169
2974	124
2976	143
2978	173
2980	136
2985	184
2986	720
2989	105
299	104
2990	261
2994	377
2995	341
2996	477
2997	167
2999	135
300	249
3000	106
3001	309
3002	147
3004	120
3005	111
3007	239
301	357
3010	105
3012	322
3013	467
3014	170
3017	362
3018	610
302	788
3020	170
3022	150
3024	218
3025	148
3026	357
3028	113
3029	761
303	209
3031	500
3032	1019
3033	133
3036	116
3038	118
3041	106
3044	304
3045	148
305	157
3051	408
3053	184
3054	526
3055	287
3056	263
3057	161
3058	145
306	193
3065	282
3067	826
3069	215
307	182
3072	210
3074	142
3075	265
308	557
3080	551
3081	384
3082	370
3085	123
3086	113
3087	297
309	123
3093	179
3095	174
3096	197
3099	159
31	119
310	223
3101	270
3105	120
3108	484
3110	300
3111	124
3112	213
3114	105
3118	570
3121	271
3123	155
3125	354
3128	317
3129	503
3134	101
3135	123
3138	212
314	293
3140	323
3143	212
3145	111
3147	211
3148	102
3151	172
3154	189
3157	159
3158	296
3159	238
3163	858
3167	220
3169	129
3171	132
3172	108
3178	212
3180	490
3182	626
3183	111
3184	105
3189	525
319	721
3191	406
3192	150
3193	190
3195	192
3196	305
3197	136
3198	105
3200	159
3201	446
3202	143
3203	162
3205	305
3208	384
3209	230
321	222
3210	149
3213	137
3216	324
3217	350
3219	142
3224	1115
3226	124
3227	342
3228	156
3229	196
323	118
3230	149
3231	153
3233	161
3240	154
3242	210
3243	229
3246	232
3250	124
3253	167
3259	395
326	379
3260	228
3261	539
3263	113
3265	508
3266	151
327	236
3270	122
3271	336
3272	836
3274	198
3277	150
3279	105
3280	649
3281	190
3283	246
3285	627
329	764
3290	176
3292	939
3297	126
3299	302
33	391
3300	362
3301	310
3304	170
3305	104
3308	708
3309	271
331	584
3311	920
3312	665
3313	473
3314	334
3315	182
3317	110
3319	123
3320	559
3323	126
3327	358
3328	273
3329	138
333	227
3331	140
3332	102
3333	192
3336	667
3340	119
3341	151
3345	141
3346	229
3349	143
335	148
3353	235
3356	239
3358	232
336	107
3361	161
3363	242
3364	112
3365	345
3367	355
337	198
3370	198
3371	483
3374	104
3377	168
3378	235
338	362
3380	453
3384	126
3386	148
3387	137
3389	572
339	124
3390	203
3391	1216
3393	267
3394	326
3399	154
34	164
340	108
3400	218
3401	837
3402	330
3403	205
3408	116
3410	731
3411	351
3412	293
3413	127
3414	297
3415	166
3416	470
3418	211
3419	120
342	123
3420	220
3422	383
3423	317
3425	492
3426	120
3428	183
343	297
3430	406
3432	116
3434	174
3435	126
3436	204
3441	320
3442	186
3444	110
3445	144
3450	189
3453	299
3454	362
3457	160
3458	164
346	283
3462	559
3464	371
3469	459
3471	824
3473	159
3474	200
3475	622
3476	705
3477	138
3481	140
3483	661
3484	206
3487	318
3489	105
349	268
3490	244
3491	727
3493	163
3498	117
3499	437
35	198
3501	197
3503	490
3504	214
3507	923
3509	404
351	103
3511	206
3512	409
3513	311
3516	157
3517	122
3518	502
3519	666
352	870
3520	289
3521	387
3524	153
3526	962
3528	112
3529	227
3532	114
3536	165
3538	163
3539	1078
3540	208
3543	104
3546	410
3547	362
355	419
3550	357
3555	129
3556	112
3557	392
3558	300
3560	137
3561	259
3562	683
3563	211
3564	152
3565	140
3568	102
3569	437
3571	104
3572	111
3574	179
3576	541
3578	271
3579	269
3585	262
3586	163
3588	225
3589	688
3590	462
3591	202
3592	357
3594	157
3596	128
3599	176
36	351
3600	371
3601	158
3603	328
3605	115
3607	260
3608	102
3609	145
3610	696
3611	205
3612	215
3614	157
3615	174
3618	1344
3619	101
3620	431
3621	379
3622	159
3624	354
3625	202
3626	855
3630	181
3635	163
3638	125
3641	485
3643	220
3648	627
3650	785
3651	251
3652	289
3653	111
3654	282
3658	266
366	259
3661	125
3664	134
3665	216
3669	436
3671	104
3672	203
3673	212
3675	849
3676	101
3677	141
3678	139
3679	384
368	320
3681	668
3683	589
3684	139
3685	307
3687	191
3688	304
3689	226
3690	401
3691	302
3693	596
3695	302
3696	150
3697	136
3698	115
3704	219
3705	792
3709	331
3712	140
3713	408
3715	316
3716	392
3717	299
3718	269
372	168
3720	207
3721	129
3724	583
3726	340
3727	460
3729	443
3731	125
3732	208
3733	119
3735	301
3736	125
3737	150
3741	134
3742	125
3745	202
3746	348
3749	118
3751	407
3752	185
3754	304
3756	414
3757	201
3759	103
376	117
3760	316
3761	171
3762	413
3763	140
3766	124
3768	710
3769	410
377	136
3770	266
3771	469
3773	361
3777	116
3778	941
3780	300
3789	151
3790	125
3791	126
3792	821
3793	133
3796	202
3799	128
380	138
3801	140
3804	187
3806	167
3807	478
3808	1158
3811	105
3812	114
3815	120
3816	318
3819	118
3821	729
3822	184
3823	633
3824	1018
3825	491
3827	186
3829	822
3830	136
3831	122
3832	108
3833	312
3834	562
3836	510
3837	196
3841	1216
3842	669
3844	134
3847	429
385	137
3850	384
3853	314
3855	101
3858	162
3859	309
386	260
3860	171
3864	202
3868	275
3871	114
3874	115
3878	484
3882	203
3884	651
3885	590
3887	319
3888	151
3889	133
3892	477
3894	159
3896	148
3898	101
390	214
3900	409
3902	165
3903	168
3904	103
3908	160
3910	261
3912	101
3913	167
3914	113
3916	530
392	487
3922	178
3923	103
3925	108
3927	156
3929	612
3930	194
3931	233
3934	703
3935	168
3940	492
3942	606
3945	531
3946	264
3947	102
3948	102
3951	196
3953	234
3955	152
3957	351
3958	164
396	173
3961	230
3963	457
3965	290
3967	446
3970	253
3971	368
3974	123
3976	299
3978	132
398	225
3981	217
3983	130
3985	331
3988	204
3989	226
3992	449
3993	351
3994	187
3995	163
3996	112
3997	315
3998	324
3999	742
4001	434
4004	128
4005	240
4006	210
4007	544
4009	309
4013	224
4014	225
4015	104
4016	678
4018	145
402	284
4021	765
4022	416
4024	252
4026	300
4028	537
403	280
4030	124
4032	153
4033	662
4034	108
4036	126
4040	186
4041	844
4042	446
4043	133
4048	729
4049	375
4050	168
4053	500
4054	616
4055	407
4058	503
406	147
4060	256
4062	322
4064	1009
4070	135
4071	111
4072	254
4077	227
4078	266
4079	433
408	156
4082	123
4083	766
4084	168
4085	829
4086	318
4088	403
4089	702
409	297
4090	203
4091	104
4093	157
4094	270
4096	239
4098	114
4099	129
4103	146
4104	154
4107	350
411	635
4112	324
4114	200
4115	517
4116	363
4117	204
4118	207
412	476
4121	127
4122	315
4123	106
4124	310
4126	358
4130	172
4131	123
4132	132
4133	118
4134	118
4139	351
4140	735
4141	226
4144	140
415	271
4150	403
4152	158
4153	169
4156	392
4160	120
4161	459
4162	126
4167	465
4169	2314
4171	147
4177	152
4179	161
4181	129
4183	366
4186	640
419	108
4193	261
4194	174
4195	101
42	231
4203	145
4204	240
4207	247
4210	131
4212	155
4213	395
4215	289
4217	385
4218	101
4219	111
4220	248
4222	122
4223	163
4224	337
4225	129
4227	1222
4233	134
4234	159
4235	126
4237	123
4238	819
424	1226
4242	131
4243	142
4249	103
425	189
4250	327
4252	105
4253	338
4257	139
4258	400
426	239
4260	324
4261	277
4265	209
4268	310
4269	227
4271	526
4272	113
4274	153
4277	1743
4279	490
4281	204
4284	156
4285	516
4286	200
4287	293
4289	154
429	346
4291	211
4294	157
4298	285
4302	246
4303	374
4305	686
4308	104
4309	132
4310	297
4312	883
4315	155
4318	480
4322	395
4323	137
4326	127
4327	162
4328	303
4329	172
4333	170
4334	157
4335	484
4336	122
4337	259
4342	229
4343	215
4344	1271
4345	592
4347	138
435	132
4351	169
4352	472
4353	132
4354	635
4356	256
436	133
4360	248
4361	132
4362	260
4363	192
4364	199
4367	119
4368	131
4371	141
4373	303
4374	127
4375	325
4377	187
4378	124
4379	384
438	602
4380	151
4381	443
4382	104
4384	290
4386	873
4387	743
4388	459
4389	125
4390	278
44	193
4401	201
4404	372
4406	322
4407	231
4408	543
4409	109
4411	610
4412	102
4414	182
4415	138
4416	165
4417	110
4418	318
442	423
4422	449
4425	934
4430	295
4433	165
4436	227
4437	241
4438	170
444	120
4445	125
4446	422
4447	982
4448	1014
4449	194
445	286
4451	277
4452	195
4454	160
4456	163
4457	212
4458	411
4459	187
4460	145
4461	156
4466	122
4467	180
4470	305
4471	173
4472	493
4473	423
4476	203
4477	146
4478	446
4480	467
4482	782
4483	188
4484	272
4485	143
4488	346
4489	424
4490	382
4491	185
4496	186
4497	500
4498	154
45	297
4502	324
4505	279
4506	536
4507	232
4508	1211
4509	210
451	209
4510	1240
4511	147
4512	159
4514	147
4517	413
452	132
4520	285
4521	229
4522	189
4523	394
4524	289
4526	170
453	394
4531	243
4532	129
4535	368
4539	119
454	266
4541	148
4543	1050
4552	115
4556	221
456	157
4560	294
4561	110
4562	302
4566	154
4568	305
457	237
4571	102
4572	145
4573	154
4575	125
4577	172
4578	560
4579	689
4580	137
4585	321
4589	108
4591	480
4592	224
4593	300
4596	206
4598	106
4600	260
4601	129
4605	203
4606	106
4607	504
4609	264
461	512
4610	160
4611	370
4615	148
4619	153
462	177
4620	132
4621	189
4626	386
4627	103
463	123
4631	129
4634	102
4635	314
4637	378
4640	152
4643	201
4644	143
4645	126
4647	893
4650	144
4653	404
4655	342
4656	219
4658	556
4659	204
466	199
4661	204
4662	175
4663	393
4666	354
4670	103
4671	167
4673	528
4675	333
4680	322
4681	162
4682	784
4685	169
4687	116
4688	132
4697	148
4699	169
4700	162
4704	328
4705	224
4706	108
4708	406
471	105
4711	124
4715	509
4718	138
4725	1006
4726	283
4728	698
4729	235
4732	685
4733	104
4734	171
4735	106
4736	318
4737	109
4738	195
4739	107
474	318
4742	249
4745	103
4747	240
4748	363
475	247
4750	254
4754	248
476	431
4765	267
477	211
4771	513
4773	103
4774	194
4779	213
4780	110
4782	117
4784	409
4785	271
4786	390
4788	303
4789	270
4790	378
4791	250
4793	173
4794	102
4795	116
4796	341
4798	119
48	598
480	107
4800	253
4801	196
4802	640
4806	159
4808	939
4809	178
481	198
4810	197
4812	127
4813	104
4814	165
4815	222
4816	372
4819	546
482	825
4821	234
4823	470
4824	227
4826	163
4829	323
4830	114
4831	237
4832	131
4834	280
4837	328
4843	116
4845	153
4849	157
4852	243
4854	164
4855	219
4858	113
4861	197
4865	246
4867	622
4868	179
4869	285
4870	116
4879	467
4882	203
4884	388
4886	102
4887	420
4888	299
4889	262
4890	171
4892	120
4897	400
4898	239
4899	245
49	108
4901	191
4902	135
4904	404
4906	241
4907	184
4908	114
4909	138
4915	107
4916	170
4917	238
4918	301
4921	207
4922	191
4927	126
4928	329
493	158
4932	332
4933	302
4934	179
4937	214
4939	174
494	191
4940	284
4942	276
4945	144
4946	257
4948	507
4950	474
4951	312
4953	217
4954	122
4956	253
4957	744
4958	451
4959	188
496	119
4961	177
4962	217
4963	114
4964	403
4965	144
4967	104
4972	329
4973	149
4975	175
4977	183
4979	882
498	172
4980	213
4981	307
4983	143
4984	205
4985	152
499	199
4994	135
4995	356
5	198
500	101
5000	401
5001	225
5002	265
5005	429
5008	209
5011	559
5014	144
5015	644
5018	247
5019	177
5020	109
5021	185
5023	120
5025	125
5026	874
5029	160
5032	103
5034	141
5035	249
5037	105
5038	210
5039	360
504	108
5040	111
5041	114
5042	368
5044	137
5046	868
5047	319
5049	192
505	115
5053	231
5054	715
5056	194
5059	136
5061	211
5063	113
5065	265
5070	488
5074	761
5076	109
5077	424
508	149
5081	101
5082	232
5083	285
5084	266
5085	221
5086	161
5087	296
509	723
5090	420
5091	304
5096	268
5097	133
5098	197
5099	203
5100	853
5102	144
5103	305
5107	606
5108	371
5109	131
5111	800
5112	317
5113	546
5114	149
5118	120
5120	193
5121	162
5123	102
5124	268
5126	142
5129	110
513	156
5131	394
5136	214
5137	116
5138	162
5139	126
5140	373
5142	327
5143	119
5148	103
515	162
5151	159
5153	460
5156	320
5158	204
516	294
5161	315
5163	501
5166	116
5167	150
5169	119
517	166
5172	456
5173	138
5178	272
518	253
5180	117
5182	304
5183	101
5184	301
5185	281
5187	118
5193	204
5197	124
5198	283
520	314
5201	109
5205	356
5208	120
5209	134
5211	103
5217	132
5219	124
5220	720
5222	307
5223	204
5225	212
5227	157
5230	130
5232	131
5233	112
5234	212
5236	128
5239	285
524	1016
5242	113
5246	130
5248	101
5249	338
5250	289
5251	168
5253	148
5255	149
5256	825
5260	209
5261	103
5263	126
5264	159
5265	283
5268	484
5269	324
5270	102
5271	427
5272	106
5273	304
5277	308
5278	181
528	580
5281	260
5282	300
5283	291
5286	182
5287	212
5289	470
529	122
5294	156
53	684
530	105
5300	282
5301	139
5302	238
5305	270
5306	630
531	867
5312	720
5317	543
5319	388
5321	288
5322	102
5323	246
5324	173
5326	128
5327	163
5329	544
533	591
5333	839
5335	158
5337	177
5338	104
5339	108
534	103
5340	214
5341	126
5342	112
5344	197
5345	333
5347	263
5349	241
5350	219
5352	206
5353	118
5355	181
5359	510
536	210
5361	187
5364	354
5365	300
5366	125
5367	1169
5369	245
5371	324
5376	256
5378	181
5386	161
5387	731
5389	154
539	132
5390	219
5393	210
5394	849
5395	121
5397	388
5401	146
5403	162
5404	210
5405	116
5406	122
5408	102
541	190
5412	278
5413	220
5418	250
5420	175
5422	175
5424	135
5426	296
5428	388
5429	128
543	671
5430	140
5432	183
5433	725
5434	244
5437	156
5441	196
5443	399
5445	149
5446	126
5447	131
5448	351
5449	111
5450	321
5452	284
5453	247
5455	135
5457	173
5458	392
5459	178
546	220
5463	280
5464	113
5466	228
5468	385
5469	115
5470	104
5472	317
5473	120
5475	377
5479	105
548	118
5480	150
5482	375
5483	221
5485	114
5488	253
549	1152
5490	124
5491	204
5492	380
5493	573
5497	145
550	967
5501	561
5502	120
5504	587
5509	103
551	228
5511	724
5512	241
5516	137
5517	312
5518	113
5519	340
5520	166
5522	520
5523	376
5524	166
5526	284
5530	652
5531	148
5532	102
5535	187
5536	634
5538	174
5539	480
5543	341
5545	152
5547	152
5548	168
5550	633
5553	263
5554	104
5555	548
5556	278
5557	190
5558	247
556	232
5561	219
5565	184
5566	127
5567	403
5568	341
5569	242
5570	302
5571	113
5573	172
5574	178
5575	272
5576	290
558	291
5580	413
5582	136
5583	120
5585	245
5592	127
5593	160
5594	130
5595	206
5596	189
5597	208
5598	144
5599	231
560	137
5600	266
5603	183
5604	254
5605	736
5607	148
5614	837
5615	302
5616	130
5620	219
5621	477
5623	264
5624	119
5625	152
5626	173
5627	815
5629	101
563	346
5630	263
5634	300
5636	848
5638	102
5641	132
5643	1047
5645	270
5646	104
5647	152
5648	117
5649	200
5650	314
5652	106
5653	228
5654	298
5655	117
5657	198
5658	125
5659	209
566	534
5661	125
5663	268
5664	287
5667	328
5671	109
5675	586
5676	146
5677	246
5678	138
5679	182
5680	159
5682	608
5683	122
5684	489
5686	530
5689	488
569	125
5691	130
5698	315
5699	299
570	237
5701	119
5702	117
5705	173
5706	165
5709	124
571	146
5716	212
5717	384
5718	193
5720	354
5722	367
5723	202
5726	148
5728	323
5733	200
5734	208
5736	105
5738	526
5744	440
5747	564
5749	407
575	163
5750	119
5752	155
5754	353
5755	515
5757	116
5758	147
5759	576
5761	223
5762	288
5763	677
5765	229
5767	349
5769	154
577	158
5770	139
5771	266
5775	195
5776	183
5777	125
5779	394
5780	259
5782	114
5785	130
5786	331
5787	442
5788	825
5791	101
5792	269
5794	294
5795	1277
5797	122
5798	117
58	437
5801	172
5805	151
5806	221
5809	248
5811	308
5812	893
5823	105
5824	550
5825	118
5826	237
5827	109
583	174
5831	1220
5837	534
5838	223
5840	235
5841	334
5843	221
5845	225
5847	356
5848	409
585	148
5851	162
5852	332
5853	153
5854	410
5857	200
5858	200
5861	187
5862	200
5865	103
587	385
5872	263
5874	299
5875	138
5878	601
588	453
5880	748
5881	280
5885	121
5886	491
5888	617
5889	130
5890	329
5892	114
5893	148
5894	115
5896	208
59	213
590	166
5900	125
5905	152
5906	124
5908	206
591	242
5910	130
5911	171
5912	125
5915	286
5916	704
5917	230
5920	143
5922	231
5924	154
5925	197
5927	216
5929	108
593	106
5937	102
5938	190
5939	111
594	159
5942	174
5947	142
5948	398
5949	181
5950	435
5952	129
5954	1000
5955	378
5956	293
5957	239
5958	112
5960	190
5961	308
5963	187
5964	549
5971	163
5972	437
5974	233
5976	126
5978	399
5980	212
5981	280
5982	127
5986	120
5990	286
5995	186
5996	591
5998	158
6000	506
6001	234
6002	335
6003	254
6006	124
6007	326
601	373
6010	317
6011	197
6013	124
6014	106
6016	909
6018	159
602	154
6021	132
6023	147
6025	271
6030	115
6032	104
6035	280
6036	888
6037	202
6039	123
604	287
6040	341
605	122
608	170
610	126
611	132
613	106
62	498
620	179
621	240
623	172
624	372
629	237
630	118
631	312
635	177
637	377
638	114
639	400
641	121
644	108
646	254
647	231
648	177
65	121
651	478
652	132
654	185
655	412
656	177
659	110
660	703
662	127
663	112
664	158
666	103
667	171
669	419
671	135
673	403
676	390
677	205
678	999
685	140
687	316
689	135
690	180
691	103
692	631
695	191
696	401
697	125
698	270
699	674
702	479
705	132
706	151
710	885
711	143
712	282
713	242
714	422
716	392
718	169
720	233
721	666
724	157
727	249
728	167
729	146
73	255
731	642
732	175
733	117
735	393
736	114
737	217
739	127
743	149
744	297
746	424
749	459
75	175
752	1024
753	218
754	157
755	126
757	465
764	139
765	402
767	170
770	759
774	224
776	103
777	502
778	163
78	140
780	512
781	234
783	119
785	106
787	117
788	196
789	115
791	328
793	150
795	149
796	460
798	327
8	139
800	266
801	285
802	506
808	275
810	126
816	195
817	398
818	171
82	118
820	104
822	292
823	121
824	308
828	115
829	138
830	174
832	172
838	176
839	774
840	251
843	126
846	253
849	117
850	554
853	110
854	506
855	630
858	190
859	153
862	116
864	138
869	842
872	107
873	172
876	111
877	633
880	115
881	914
889	1518
890	228
891	223
893	110
897	203
899	323
9	106
90	225
904	246
905	123
910	163
911	525
918	144
919	326
92	430
921	158
922	343
924	199
926	105
927	191
928	212
929	355
93	220
931	157
934	498
935	388
937	348
939	165
940	130
945	163
948	517
949	369
952	157
953	189
954	126
955	338
956	108
957	328
958	158
960	128
963	424
966	165
97	154
970	549
971	223
973	217
975	404
977	240
980	135
981	227
984	694
985	146
987	176
99	107
990	102
996	296
998	135
999	412
